none
mem_op
7 7
0000000000000000111000011100001110000000000000000
3 3
010111010
dilate
mem_op
11 11
0000000000000000000000000000000000000000000000000000000000001000000000000000000000000000000000000000000000000000000000000
5 5
1111111111110111111111111
dilate
mem_op
12 12
000000000000000000000000000000000000000000000000000010000000000111011100001111111100000111011100000010000000000000000000000000000000000000000000
3 3
010111010
dilate
mem_op
12 12
000000000000000000000000000000000000000000000000000010000000000111011100001111111100000111011100000010000000000000000000000000000000000000000000
3 3
111111111
dilate
exit
