ocr2.schema
1
12 11
000000000000000000000000001110000000111110000001101100000011011000000111110000001111100000011011000000110110000000000000000000000000
A
2
12 11
000000000000000000000000001110000000110110000001000100000010001000000111110000001000100000010001000000100010000000000000000000000000
A
3
12 11
000000000000000000000000011110000000100010000001000100000010001000000111110000001000100000010001000000111100000000000000000000000000
B
4
12 11
000000000000000000000000011110000000110010000001100100000011111000000111110000001100100000011001000000111100000000000000000000000000
B
-1
ocr_knn
12 11
000000000000000000000000111110000001110111000011101110000111111100001111111000011101110000111011100001111110000000000000000000000000
3 3
000111000
erode
3
exit
